825931890091360288
496650380118065152
825774137360384020
363857693192093696
264378921158443009
399494888921759745
657556598675472384
865262532902125568
896719868198531092
468259686576029697
791683896307744829
744891968038895686
364017816732565516
896753151133241404
896752538328633395
352252882344476673
579639910437355521
801136180095614977
788403816490991617
414746859752521728
815566664245706792
880128398150738010
790570561348698122
897362192763088938
896751650591629343
784670036970569758
790353501049454643
846766348402950165
298804568156930048
310693715272400907
355688346120486913
513391688048181257
897880559953518692
393055169782480897
899345258800906260
900256856612696074
900793929753047080
651316945408229411
511854225085431808
362454678115713035
406441651863552001
414071186062966794
655315877658492938
519852779116822538
376313977598246923
809395148228132896
